1, 2
1, 3
1, 4
1, 5
1, 8
1, 12
2, 1
3, 1
6, 4
6, 6
6, 17
6, 16
6, 25
7, 5
7, 7
7, 17
8, 1
8, 9
8, 11
9, 8
10, 7
10, 11
11, 12
11, 8
11, 21
11, 22
11, 13
11, 14
11, 15
17, 6
17, 7
18, 19
19, 16
19, 18
20, 11
21, 11
23, 12
24, 12
25, 14
25, 15
26, 28
26, 29
26, 52
27, 26
30, 37
30, 44
31, 32
33, 45
34, 31
34, 39
34, 33
34, 36
35, 26
38, 30
40, 34
42, 35
44, 36
48, 34
57, 58
57, 59
57, 66
59, 69
60, 58
60, 60
60, 61
60, 72
61, 61
61, 70
62, 57
62, 63
62, 65
64, 65
64, 61
65, 66
65, 74
66, 75
68, 67
69, 60
69, 72
70, 60
71, 60
73, 65
74, 80
76, 66
81, 69
84, 86
84, 88
84, 93
85, 84
87, 96
87, 95
87, 87
87, 103
88, 84
88, 91
89, 88
91, 92
91, 88
91, 93
91, 90
92, 101
92, 84
95, 98
96, 87
98, 97
99, 91
99, 103
100, 91
102, 94
110, 119
111, 119
112, 111
112, 112
112, 121
113, 114
115, 116
115, 113
115, 118
118, 122
119, 115
120, 121
121, 112
122, 119
128, 129
128, 131
132, 145
135, 144
137, 145
139, 132
140, 141
141, 140
144, 129
144, 137
145, 143
152, 154
152, 157
153, 152
153, 160
154, 158
154, 153
155, 152
155, 156
156, 156
156, 158
157, 159
157, 153
159, 161
159, 153
159, 158
160, 159
161, 164
165, 166
169, 176
172, 170
172, 178
172, 177
173, 174
173, 181
173, 175
173, 176
178, 172
179, 189
179, 187
180, 173
182, 175
183, 176
183, 172
186, 171
188, 176
195, 195
195, 197
197, 198
198, 202
203, 198
204, 203
205, 199
217, 224
217, 233
219, 217
220, 221
221, 228
222, 217
223, 225
223, 227
223, 222
225, 218
229, 223
230, 223
231, 226
231, 223
232, 226
236, 238
236, 239
236, 240
236, 243
236, 237
239, 240
239, 241
241, 250
241, 249
241, 241
242, 240
242, 242
243, 244
243, 245
243, 253
243, 239
243, 240
245, 248
246, 236
246, 245
247, 245
250, 242
251, 252
252, 249
253, 245
266, 267
266, 268
266, 270
268, 266
268, 269
269, 282
271, 270
271, 271
272, 266
272, 273
273, 272
274, 271
275, 276
279, 280
280, 278
280, 279
282, 275
283, 266
284, 277
284, 280
288, 280
293, 296
295, 293
296, 307
298, 294
299, 298
299, 301
301, 308
304, 303
305, 299
308, 295
311, 305
318, 321
322, 334
322, 338
325, 319
330, 321
330, 336
331, 323
331, 319
335, 323
339, 336
342, 346
344, 356
345, 345
346, 349
346, 347
349, 357
349, 350
349, 351
349, 352
349, 359
351, 342
352, 351
355, 349
356, 349
360, 352
371, 373
371, 374
372, 371
375, 375
377, 392
378, 376
378, 379
378, 377
379, 380
381, 379
382, 375
382, 383
385, 371
386, 381
386, 377
386, 375
386, 382
390, 373
398, 401
398, 400
404, 403
408, 409
410, 404
412, 410
422, 430
425, 423
425, 435
425, 441
426, 429
426, 424
427, 428
427, 436
427, 448
428, 427
428, 423
428, 432
429, 430
429, 424
430, 438
430, 439
430, 432
430, 426
431, 430
433, 430
434, 425
434, 444
435, 426
436, 437
437, 436
439, 433
441, 433
441, 439
441, 437
443, 427
443, 442
453, 455
453, 459
453, 457
456, 456
456, 464
457, 458
457, 461
457, 453
461, 464
463, 456
465, 466
469, 463
472, 461
482, 483
484, 482
485, 491
485, 485
486, 486
486, 487
487, 488
488, 489
488, 493
488, 490
489, 482
489, 487
490, 491
496, 482
503, 504
503, 510
508, 508
508, 521
509, 507
510, 503
510, 518
510, 521
511, 510
512, 509
512, 508
513, 518
513, 516
513, 504
515, 513
516, 506
518, 513
518, 522
519, 513
520, 514
521, 516
521, 506
521, 527
528, 531
528, 534
528, 529
529, 546
530, 532
533, 531
533, 533
534, 546
536, 533
537, 538
539, 538
540, 529
541, 530
552, 554
552, 556
552, 555
556, 552
557, 556
559, 557
562, 558
566, 565
567, 559
571, 575
572, 571
573, 571
573, 581
576, 574
576, 576
576, 590
577, 578
577, 583
578, 587
578, 585
581, 578
581, 590
582, 594
583, 576
586, 578
586, 585
588, 585
589, 579
590, 585
591, 583
601, 602
601, 603
601, 612
604, 603
604, 604
604, 611
604, 617
605, 605
605, 612
606, 605
606, 607
607, 608
607, 615
609, 617
610, 607
612, 604
614, 607
615, 607
616, 614
616, 607
617, 610
617, 601
619, 612
619, 607
619, 604
620, 615
628, 630
628, 633
628, 629
631, 640
632, 632
632, 640
635, 632
636, 647
637, 628
638, 647
642, 629
643, 638
644, 643
645, 633
647, 639
648, 638
648, 639
654, 660
655, 657
656, 656
656, 663
656, 662
657, 657
658, 659
658, 660
659, 658
660, 658
660, 661
660, 659
661, 654
661, 659
663, 656
663, 657
664, 660
668, 658
669, 661
670, 664
674, 676
674, 683
676, 675
676, 681
678, 674
678, 675
678, 679
678, 680
682, 683
684, 679
685, 680
685, 675
686, 687
687, 680
690, 682
692, 674
693, 694
693, 697
694, 693
695, 693
695, 700
696, 696
697, 697
697, 702
697, 698
699, 705
699, 701
700, 706
707, 701
707, 696
709, 700
717, 718
718, 728
719, 721
721, 722
721, 720
721, 724
722, 717
724, 735
725, 719
726, 727
727, 726
728, 721
728, 725
729, 721
730, 721
731, 727
731, 734
743, 745
743, 751
743, 744
743, 746
745, 743
747, 743
748, 747
750, 747
750, 752
750, 753
752, 747
753, 758
756, 750
757, 751
758, 752
772, 773
772, 774
772, 775
772, 782
774, 790
775, 774
777, 775
777, 777
777, 787
777, 786
777, 792
778, 778
778, 783
779, 772
779, 780
781, 779
781, 783
781, 784
781, 785
785, 779
785, 772
787, 778
788, 786
788, 780
789, 781
790, 782
792, 784
792, 785
792, 787
798, 796
798, 778
803, 814
803, 809
804, 804
805, 808
806, 807
810, 814
818, 820
818, 826
822, 820
822, 825
822, 830
826, 834
831, 821
835, 826
845, 861
846, 845
846, 846
847, 847
848, 851
849, 848
850, 851
851, 857
851, 853
852, 864
859, 853
859, 848
861, 848
862, 845
864, 853
866, 885
870, 868
870, 870
870, 884
871, 872
871, 874
871, 878
874, 875
874, 876
875, 868
878, 870
878, 866
879, 880
880, 877
881, 874
882, 875
882, 878
882, 890
893, 894
893, 895
893, 896
893, 900
893, 911
893, 897
894, 893
898, 896
898, 898
898, 907
898, 906
898, 913
898, 899
899, 897
899, 899
899, 907
900, 893
900, 901
900, 903
900, 911
901, 900
903, 900
903, 910
903, 904
903, 905
903, 902
903, 909
905, 903
906, 900
906, 911
906, 896
907, 898
907, 899
908, 905
908, 903
909, 895
910, 903
911, 904
913, 905
917, 905
917, 900
921, 917
922, 917
924, 907
930, 932
930, 937
930, 931
932, 930
934, 934
934, 945
934, 940
935, 933
935, 940
940, 935
940, 949
942, 941
944, 937
945, 939
947, 941
953, 955
956, 957
957, 957
958, 953
959, 953
960, 962
961, 964
962, 964
963, 955
964, 963
966, 962
969, 953
971, 974
972, 972
973, 973
973, 985
974, 975
975, 977
975, 978
976, 975
980, 981
981, 979
981, 980
985, 977
985, 972
989, 990
989, 1008
990, 1006
992, 992
992, 1007
993, 995
994, 995
995, 1004
995, 996
995, 998
999, 1000
999, 992
1000, 992
1001, 1002
1001, 1009
1002, 1001
1002, 1013
1003, 995
1003, 992
1004, 1013
1005, 999
1006, 995
1013, 1005
1019, 1029
1022, 1031
1028, 1030
1034, 1019
1040, 1038
1040, 1040
1042, 1043
1042, 1036
1043, 1044
1043, 1045
1043, 1046
1044, 1046
1046, 1045
1047, 1040
1048, 1049
1051, 1044
1051, 1053
1052, 1045
1054, 1045
1056, 1041
1065, 1066
1065, 1072
1067, 1065
1069, 1074
1069, 1080
1069, 1067
1069, 1077
1070, 1065
1072, 1079
1073, 1069
1074, 1069
1074, 1080
1075, 1073
1076, 1071
1080, 1076
1083, 1085
1084, 1086
1085, 1094
1085, 1100
1086, 1086
1086, 1094
1086, 1090
1087, 1090
1087, 1088
1087, 1096
1088, 1085
1089, 1087
1090, 1097
1090, 1092
1090, 1089
1091, 1090
1094, 1086
1094, 1095
1095, 1093
1096, 1082
1097, 1090
1097, 1104
1099, 1091
1099, 1084
1100, 1092
1102, 1100
1107, 1109
1107, 1108
1108, 1109
1109, 1107
1110, 1107
1111, 1110
1111, 1111
1112, 1112
1112, 1119
1113, 1126
1114, 1115
1115, 1122
1118, 1115
1119, 1111
1121, 1120
1121, 1109
1122, 1115
1122, 1114
1124, 1127
1126, 1125
1136, 1137
1136, 1151
1136, 1156
1137, 1137
1137, 1144
1138, 1138
1138, 1145
1140, 1148
1140, 1141
1140, 1142
1140, 1151
1145, 1137
1146, 1144
1147, 1140
1162, 1169
1163, 1165
1164, 1170
1164, 1164
1165, 1165
1166, 1179
1170, 1165
1170, 1178
1171, 1162
1171, 1167
1175, 1167
1176, 1169
1183, 1182
1184, 1201
1185, 1185
1185, 1192
1186, 1182
1186, 1188
1186, 1197
1187, 1185
1188, 1186
1188, 1196
1188, 1189
1188, 1191
1189, 1204
1190, 1188
1192, 1196
1193, 1185
1194, 1187
1197, 1199
1206, 1207
1206, 1208
1206, 1209
1208, 1211
1210, 1210
1210, 1217
1210, 1224
1210, 1207
1211, 1211
1212, 1206
1212, 1214
1213, 1214
1213, 1232
1214, 1216
1215, 1206
1215, 1214
1217, 1210
1217, 1211
1217, 1221
1218, 1219
1218, 1227
1220, 1214
1221, 1214
1223, 1215
1223, 1211
1224, 1216
1225, 1209
1228, 1220
1228, 1214
1235, 1222
1237, 1239
1237, 1240
1237, 1241
1237, 1238
1239, 1237
1242, 1241
1243, 1244
1243, 1252
1249, 1250
1250, 1248
1252, 1243
1253, 1244
1255, 1246
1255, 1247
1256, 1242
1256, 1239
1257, 1259
1266, 1274
1268, 1279
1269, 1269
1270, 1269
1270, 1274
1271, 1273
1271, 1277
1273, 1278
1273, 1267
1277, 1280
1279, 1273
1286, 1288
1286, 1291
1287, 1289
1288, 1306
1288, 1290
1289, 1298
1289, 1289
1290, 1290
1290, 1292
1291, 1294
1292, 1291
1293, 1290
1293, 1294
1293, 1297
1294, 1295
1294, 1302
1294, 1303
1294, 1296
1294, 1297
1294, 1298
1295, 1286
1298, 1290
1299, 1300
1300, 1288
1301, 1294
1301, 1302
1302, 1306
1305, 1306
1310, 1311
1310, 1312
1310, 1314
1310, 1318
1311, 1310
1311, 1318
1312, 1325
1313, 1321
1315, 1320
1316, 1320
1319, 1326
1322, 1321
1322, 1326
1325, 1318
1333, 1351
1335, 1336
1336, 1336
1336, 1340
1337, 1336
1338, 1348
1341, 1342
1344, 1338
1347, 1336
1347, 1346
1356, 1345
1356, 1335
1362, 1363
1363, 1365
1363, 1369
1363, 1364
1363, 1368
1366, 1367
1367, 1363
1380, 1383
1381, 1380
1382, 1385
1385, 1385
1385, 1393
1386, 1380
1387, 1386
1389, 1390
1389, 1392
1391, 1389
1392, 1389
1395, 1389
1396, 1389
1399, 1392
1400, 1384
1402, 1392
1409, 1413
1409, 1410
1412, 1412
1412, 1411
1413, 1414
1413, 1416
1413, 1427
1415, 1412
1415, 1416
1416, 1413
1416, 1423
1416, 1422
1417, 1416
1418, 1421
1421, 1420
1422, 1417
1423, 1426
1423, 1415
1424, 1425
1429, 1422
1433, 1434
1433, 1435
1433, 1436
1433, 1439
1434, 1433
1435, 1433
1436, 1453
1436, 1437
1436, 1440
1437, 1437
1437, 1446
1437, 1445
1438, 1438
1439, 1433
1439, 1442
1440, 1439
1441, 1438
1441, 1442
1442, 1443
1442, 1439
1442, 1444
1445, 1442
1445, 1453
1446, 1457
1446, 1443
1448, 1446
1448, 1447
1449, 1442
1450, 1461
1451, 1456
1451, 1443
1452, 1443
1453, 1437
1459, 1450
1461, 1457
1464, 1451
1468, 1474
1470, 1468
1471, 1477
1471, 1468
1472, 1485
1472, 1472
1473, 1473
1473, 1469
1474, 1468
1475, 1473
1475, 1470
1476, 1477
1476, 1482
1476, 1478
1476, 1479
1476, 1475
1477, 1468
1477, 1474
1477, 1472
1480, 1472
1481, 1478
1482, 1476
1483, 1477
1484, 1477
1485, 1479
1487, 1489
1492, 1495
1493, 1492
1494, 1492
1495, 1493
1497, 1498
1498, 1504
1498, 1505
1499, 1498
1503, 1502
1508, 1507
1508, 1492
1516, 1515
1517, 1517
1519, 1515
1523, 1531
1533, 1534
1533, 1535
1533, 1538
1533, 1541
1534, 1533
1534, 1538
1537, 1536
1537, 1537
1537, 1545
1538, 1539
1538, 1552
1539, 1538
1540, 1541
1540, 1538
1540, 1549
1540, 1542
1540, 1548
1540, 1550
1543, 1540
1547, 1544
1547, 1546
1551, 1543
1551, 1544
1554, 1549
1558, 1548
1558, 1545
1559, 1535
1563, 1577
1564, 1564
1564, 1576
1566, 1564
1573, 1568
1575, 1567
1576, 1574
1576, 1575
1576, 1567
1577, 1569
1577, 1570
1587, 1564
1593, 1600
1594, 1601
1596, 1595
1597, 1598
1597, 1604
1600, 1602
1601, 1602
1603, 1597
1604, 1597
1605, 1598
1605, 1603
1606, 1599
1606, 1595
1607, 1594
1613, 1613
1614, 1612
1620, 1615
1624, 1611
1624, 1617
1636, 1637
1636, 1644
1636, 1633
1637, 1645
1639, 1634
1640, 1632
1641, 1642
1641, 1649
1642, 1639
1642, 1641
1643, 1636
1646, 1634
1658, 1660
1658, 1661
1658, 1668
1660, 1678
1663, 1661
1663, 1663
1664, 1662
1664, 1664
1666, 1664
1667, 1666
1668, 1672
1668, 1667
1670, 1664
1671, 1672
1674, 1668
1675, 1668
1676, 1679
1677, 1659
1678, 1667
1678, 1677
1681, 1682
1686, 1692
1687, 1689
1688, 1689
1689, 1696
1689, 1695
1689, 1697
1690, 1689
1691, 1687
1691, 1690
1692, 1686
1692, 1695
1696, 1701
1697, 1690
1706, 1712
1709, 1716
1712, 1708
1713, 1708
1714, 1708
1716, 1705
1719, 1720
1719, 1726
1720, 1738
1720, 1725
1721, 1724
1721, 1719
1722, 1722
1722, 1724
1724, 1725
1725, 1733
1725, 1732
1727, 1738
1727, 1736
1729, 1724
1730, 1722
1735, 1726
1736, 1728
1740, 1735
1740, 1741
1744, 1746
1747, 1744
1749, 1749
1749, 1761
1749, 1748
1752, 1744
1754, 1744
1755, 1746
1756, 1757
1756, 1753
1758, 1754
1759, 1752
1761, 1754
1770, 1773
1771, 1778
1771, 1776
1777, 1768
1777, 1786
1779, 1774
1783, 1779
1786, 1776
1793, 1802
1794, 1789
1795, 1794
1796, 1804
1796, 1805
1796, 1799
1800, 1796
1801, 1796
1804, 1789
1813, 1815
1813, 1816
1814, 1813
1815, 1813
1816, 1818
1817, 1825
1817, 1817
1818, 1818
1819, 1813
1819, 1820
1820, 1819
1822, 1831
1822, 1830
1822, 1837
1825, 1836
1829, 1817
1832, 1824
1832, 1817
1836, 1820
1839, 1819
1841, 1819
1845, 1855
1846, 1857
1847, 1857
1847, 1856
1848, 1846
1848, 1848
1848, 1857
1849, 1844
1850, 1848
1850, 1851
1851, 1860
1851, 1855
1851, 1854
1855, 1863
1857, 1848
1858, 1853
1858, 1859
1859, 1851
1861, 1865
1862, 1852
1863, 1852
1865, 1848
1869, 1872
1869, 1877
1869, 1882
1874, 1869
1874, 1876
1876, 1873
1877, 1885
1879, 1884
1880, 1873
1881, 1882
1884, 1877
1893, 1894
1893, 1896
1893, 1899
1893, 1902
1894, 1893
1895, 1898
1897, 1905
1897, 1901
1899, 1893
1899, 1900
1900, 1899
1901, 1902
1901, 1899
1903, 1915
1903, 1901
1904, 1901
1905, 1909
1906, 1898
1907, 1910
1908, 1901
1908, 1912
1909, 1901
1911, 1902
1912, 1904
1914, 1912
1917, 1894
1920, 1909
1923, 1912
1925, 1927
1925, 1932
1926, 1925
1926, 1938
1926, 1935
1928, 1932
1929, 1929
1931, 1932
1931, 1936
1931, 1937
1931, 1933
1931, 1927
1934, 1928
1934, 1935
1935, 1933
1936, 1931
1936, 1930
1938, 1932
1941, 1930
1947, 1957
1950, 1951
1952, 1959
1955, 1949
1955, 1952
1956, 1957
1958, 1959
1959, 1953
1960, 1948
1966, 1968
1966, 1972
1967, 1978
1967, 1966
1968, 1971
1972, 1980
1972, 1967
1972, 1971
1973, 1966
1974, 1980
1976, 1981
1978, 1974
1980, 1975
1981, 1975
1989, 1998
1991, 1989
2006, 2018
2008, 2009
2009, 2008
2010, 2007
2014, 2015
2015, 2013
2017, 2011
2017, 2019
2018, 2015
2025, 2013
2031, 2040
2031, 2035
2033, 2031
2035, 2045
2036, 2034
2036, 2044
2037, 2044
2037, 2037
2038, 2037
2040, 2046
2044, 2036
2047, 2032
2047, 2056
2048, 2040
2049, 2040
2052, 2045
2053, 2035
2058, 2059
2058, 2061
2059, 2068
2060, 2058
2062, 2060
2062, 2068
2063, 2063
2063, 2079
2063, 2064
2065, 2072
2066, 2061
2069, 2062
2069, 2078
2071, 2068
2074, 2065
2075, 2067
2075, 2062
2087, 2087
2087, 2092
2088, 2092
2088, 2088
2091, 2092
2092, 2088
2093, 2094
2096, 2090
2096, 2095
2096, 2093
2098, 2088
2100, 2086
2103, 2110
2103, 2105
2106, 2103
2108, 2106
2108, 2117
2109, 2113
2112, 2103
2112, 2123
2113, 2116
2128, 2135
2128, 2141
2128, 2137
2129, 2128
2130, 2130
2130, 2144
2130, 2139
2131, 2131
2132, 2128
2132, 2133
2132, 2134
2135, 2138
2136, 2130
2137, 2142
2141, 2139
2145, 2135
2146, 2137
2146, 2138
2146, 2130
2153, 2155
2153, 2154
2156, 2153
2156, 2158
2157, 2156
2158, 2156
2158, 2167
2159, 2158
2161, 2157
2164, 2157
2165, 2172
2166, 2158
2166, 2163
2169, 2161
2179, 2180
2179, 2182
2181, 2187
2183, 2188
2184, 2179
2184, 2197
2189, 2194
2191, 2184
2192, 2184
2194, 2185
2198, 2200
2201, 2198
2201, 2214
2203, 2203
2203, 2207
2203, 2204
2204, 2198
2206, 2213
2207, 2202
2209, 2208
2213, 2202
2225, 2226
2225, 2227
2225, 2232
2225, 2235
2225, 2242
2225, 2228
2226, 2225
2226, 2241
2227, 2225
2229, 2225
2230, 2243
2230, 2230
2231, 2231
2231, 2244
2232, 2225
2232, 2233
2234, 2232
2234, 2241
2234, 2242
2234, 2247
2234, 2240
2235, 2234
2236, 2234
2236, 2226
2241, 2234
2243, 2242
2244, 2235
2245, 2230
2245, 2252
2246, 2241
2247, 2237
2254, 2268
2257, 2260
2258, 2257
2260, 2269
2260, 2261
2261, 2271
2262, 2260
2265, 2268
2268, 2262
2271, 2254
2271, 2274
2275, 2255
2276, 2255
2281, 2283
2282, 2292
2282, 2291
2282, 2282
2283, 2292
2283, 2283
2285, 2283
2285, 2286
2286, 2284
2286, 2295
2286, 2296
2286, 2290
2287, 2286
2288, 2281
2289, 2291
2290, 2298
2292, 2283
2294, 2286
2295, 2297
2297, 2287
2297, 2289
2301, 2298
2306, 2307
2306, 2308
2307, 2306
2308, 2306
2309, 2314
2309, 2315
2310, 2309
2310, 2320
2310, 2324
2310, 2310
2311, 2311
2312, 2315
2312, 2320
2312, 2322
2312, 2314
2312, 2313
2312, 2306
2312, 2309
2314, 2311
2315, 2316
2315, 2322
2315, 2323
2315, 2317
2315, 2318
2315, 2314
2316, 2306
2319, 2309
2319, 2310
2320, 2311
2321, 2319
2322, 2315
2322, 2310
2324, 2317
2325, 2321
2328, 2323
2333, 2334
2333, 2340
2335, 2333
2335, 2334
2337, 2336
2337, 2337
2337, 2343
2338, 2333
2339, 2340
2339, 2338
2339, 2341
2340, 2348
2345, 2339
2345, 2347
2346, 2339
2347, 2339
2349, 2341
2349, 2337
2352, 2340
2355, 2346
2358, 2345
2366, 2368
2368, 2370
2369, 2374
2370, 2383
2371, 2371
2371, 2375
2371, 2369
2373, 2383
2374, 2370
2375, 2374
2376, 2366
2376, 2385
2377, 2376
2378, 2367
2379, 2380
2381, 2377
2381, 2372
2392, 2393
2394, 2394
2396, 2397
2396, 2400
2397, 2398
2397, 2404
2399, 2397
2401, 2394
2401, 2403
2401, 2407
2405, 2398
2405, 2392
2406, 2398
2406, 2393
2417, 2417
2417, 2420
2418, 2414
2418, 2419
2418, 2421
2418, 2427
2420, 2421
2421, 2429
2421, 2422
2421, 2424
2423, 2435
2425, 2427
2426, 2427
2427, 2426
2427, 2428
2428, 2421
2429, 2421
2430, 2418
2446, 2445
2448, 2457
2448, 2450
2448, 2451
2452, 2460
2452, 2454
2452, 2457
2453, 2446
2457, 2449
2458, 2461
2459, 2449
2460, 2451
2461, 2446
2463, 2454
2466, 2469
2466, 2472
2470, 2468
2470, 2475
2470, 2470
2471, 2469
2471, 2471
2471, 2476
2471, 2480
2472, 2466
2472, 2473
2472, 2483
2474, 2466
2474, 2475
2475, 2466
2475, 2484
2476, 2471
2476, 2467
2477, 2485
2478, 2475
2478, 2472
2482, 2474
2483, 2474
2483, 2485
2485, 2472
2486, 2478
